"Camera	Ox	Oy	Oz	Vx	Vy	Vz
c	0	0	0	0	0	1

"Light	Red	Green	Blue	Ox	Oy	Oz	Type	Vx	Vy	Vz	Angle
"Li	255	255	255	0	3	40	Diff
"Li	255	255	255	0	-3	40	Diff
Li	255	255	255	0	0	30	Diff
"Li	255	255	255	5	0	30	Diff
"Li	255	255	255	-5	0	30	Diff
"Li	255	255	255	0	2	20	Diff
"Li	0	0	255	-1	0	18	Diff
"Li	255	0	0	1	0	18	Diff
"Li	0	255	0	0	0	18	Diff
"Li	255	255	255	4.9	-4.9	29	Specu	x	y	z	0.5


"Sphere	Red	Green	Blue	Ox	Oy	Oz	Radius	Reflect	Refract
S	255	255	255	0	0	43	1	1	0
S	255	255	255	0	0	43	1	1	0
S	255	255	255	-2.25	0	43	1	1	0
S	255	255	255	2.25	0	43	1	1	0
S	255	255	255	-2.25	-2.25	43	1	1	0
S	255	255	255	0	-2.25	43	1	1	0
S	255	255	255	0	2.25	43	1	1	0
S	255	255	255	-2.25	2.25	43	1	1	0
S	255	255	255	2.25	2.25	43	1	1	0
S	255	255	255	2.25	-2.25	43	1	1	0
S	255	255	255	0	0	37	1	1	0
S	255	255	255	-2.25	0	37	1	1	0
S	255	255	255	2.25	0	37	1	1	0
S	255	255	255	-2.25	-2.25	37	1	1	0
S	255	255	255	0	-2.25	37	1	1	0
S	255	255	255	0	2.25	37	1	1	0
S	255	255	255	-2.25	2.25	37	1	1	0
S	255	255	255	2.25	2.25	37	1	1	0
S	255	255	255	2.25	-2.25	37	1	1	0
S	255	255	255	-2.25	0	40	1	1	0
S	255	255	255	2.25	0	40	1	1	0
S	255	255	255	-2.25	-2.25	40	1	1	0
S	255	255	255	0	-2.25	40	1	1	0
S	255	255	255	0	2.25	40	1	1	0
S	255	255	255	-2.25	2.25	40	1	1	0
S	255	255	255	2.25	2.25	40	1	1	0
S	255	255	255	2.25	-2.25	40	1	1	0
"S	255	0	0	-1	0	20	1	0	0
"S	0	0	255	1	0	20	1	0	0
"S	0	0	255	0	0	40	1	0	0
"S	0	0	255	-2	0	40	1	0	0
"S	0	255	0	2	0	40	1	0	0
"S	255	0	0	0	2	40	1	0	0
"S	255	255	0	0	-2	40	1	0	0
"S	255	255	255	3	-3	55	1	0	1.1
"S	255	255	255	0.75	0	45	2	0	0
S	255	255	255	0	0	40	1	0	0
"S	255	255	255	0	0	40	1	0	1.38
"S	255	255	255	0	0	30	1	0	0


"Plane	Red	Green	Blue	Ox	Oy	Oz	Vx	Vy	Vz	Reflect	Refract
"P	255	0	0	0	-1	0	0	1	0	0	0
"P	255	255	255	0	-1	0	0	1	0	1	0
"P	255	255	255	0	-4	0	0	1	0	1	0
"P	255	0	0	4	0	0	-1	0	0	0	0
"P	0	255	0	-4	0	0	1	0	0	0	0
"P	0	0	255	0	4	0	0	-1	0	0	0
"P	255	255	0	0	-4	0	0	1	0	0	0
"P	255	255	255	0	0	60	0	0	-1	0	0

P	255	255	255	0	-4	0	0	1	0	1	0
P	255	255	255	0	4	0	0	-1	0	1	0
P	255	255	255	0	0	60	0	0	-1	1	0
P	255	255	255	0	0	-1	0	0	-1	1	0
P	255	255	255	-4	0	0	1	0	0	1	0
P	255	255	255	4	0	0	-1	0	0	1	0

"P	255	255	255	-3.9	-6	55	1	1	-1	1	0
"P	255	255	255	-3.9	6	55	1	-1	-1	1	0
"P	255	255	255	3.9	-6	55	-1	1	-1	1	0
"P	255	255	255	3.9	6	55	-1	-1	-1	1	0
"P	255	255	255	0	0	44	0	0	-1	0	1.38

"Cylin	Red	Green	Blue	Ox	Oy	Oz	Vx	Vy	Vz	Radius
"C	255	255	255	0	0	20	0	0	1	1
