"Camera	Ox	Oy	Oz	Vx	Vy	Vz
c	0	0	0	0	0	1

"Light	Red	Green	Blue	Ox	Oy	Oz	Type	Vx	Vy	Vz
Li	255	255	255	0	0	40	Diff
'Li	255	255	255	0	0	45	Diff
"Li	255	255	255	4.9	-4.9	29	Specu	x	y	z


"Sphere	Red	Green	Blue	Ox	Oy	Oz	Radius	Reflect	Refraction
'S	100	50	150	0	0	43	0.05	0	0
'S	100	50	150	0.1	0	43	0.05	0	0
'S	100	50	150	0.2	0	43	0.05	0	0
'S	100	50	150	-0.1	0	43	0.05	0	0
'S	100	50	150	-0.2	0	43	0.05	0	0
'S	100	50	150	0	0.1	43	0.05	0	0
'S	100	50	150	0	0.2	43	0.05	0	0
'S	100	50	150	0	-0.1	43	0.05	0	0
'S	100	50	150	0	-0.2	43	0.05	0	0
S	255	0	255	0	0	43	1	0	0
S	255	255	0	2.25	0	43	1	0	0
S	0	255	255	-2.25	-2.25	43	1	0	0
S	0	255	255	0	-2.25	43	1	0	0
S	0	0	255	0	2.25	43	1	0	0
S	0	0	255	-2.25	2.25	43	1	0	0
S	0	0	255	2.25	2.25	43	1	0	0
S	0	0	255	2.25	-2.25	43	1	0	0
S	0	0	255	0	0	37	1	0	0
S	0	0	255	-2.25	0	37	1	0	0
'S	0	0	255	2.25	0	37	1	0	0
'S	0	0	255	-2.25	-2.25	37	1	0	0
'S	0	0	255	0	-2.25	37	1	0	0
'S	0	0	255	0	2.25	37	1	0	0
'S	0	0	255	-2.25	2.25	37	1	0	0
'S	0	0	255	2.25	2.25	37	1	0	0
'S	0	0	255	2.25	-2.25	37	1	0	0
'S	0	0	255	-2.25	0	40	1	0	0
'S	0	0	255	2.25	0	40	1	0	0
'S	0	0	255	-2.25	-2.25	40	1	0	0
'S	0	0	255	0	-2.25	40	1	0	0
'S	0	0	255	0	2.25	40	1	0	0
'S	0	0	255	-2.25	2.25	40	1	0	0
'S	0	0	255	2.25	2.25	40	1	0	0
'S	0	0	255	2.25	-2.25	40	1	0	0
'S	0	0	255	0	0	40	1	0	0

"Plane	Red	Green	Blue	Ox	Oy	Oz	Vx	Vy	Vz	Reflect	Refraction
P	0	255	0	-8	0	0	0.5	0	0
P	255	0	0	8	0	0	-0.5	0	0.02	0	0
P	50	200	160	0	0	100	0	0	-1	0	0
P	68	103	161	0	4	0	0	-1	0.01	0	0
P	184	223	82	0	-4	0	0	1	0.01	0	0

"Cylinder	Red	Green	Blue	Ox	Oy	Oz	Vx	Vy	Vz	Radius	Refraction
'C		100	100	100	-1	1	0	0.1	0.1	1	0.1	0
'C		255	0	0	0	0	0	0	0	1	4.5	0
'C		255	0	0	3	0	0	0.3	0.1	0.9	0.1	0
'C		0	126	126	-5	3	0	-0.5	0.5	1.5	0.1	0
'C		126	0	126	0	0	20	0	1	0.1	0.5	0
'C		126	0	126	1	0	10	0	1	0	0.1	0
'C		255	0	0	1	1	0	0	0.1	1	0.1	0
'C		255	0	0	-1	1	0	0	0.1	1	0.1	0
'C		255	0	0	1	-1	0	0	0.1	1	0.1	0

'C		255	255	0	1	0	0	0	0	1	0.2	0
'C		255	0	255	1	0	80	0	1	0	0.8	0
'C		255	0	0	0	1	0	1	0.1	0	0.1	0
'C		255	0	255	1	0	10	0	1	0	0.1	0
'C		100	50	150	-1	0	0	1	1	0	0.1	0
'C		20	150	100	0	1	20	1	0.1	0	0.1	0
'C		20	150	100	0	0	0	0	1	0	0.3	0
'C		100	20	150	0	1	0	1	0	0	0.3	0
'C		100	20	150	1	0	60	0	1	0	0.3	0
C		100	20	150	0	1	80	1	0	0	0.3	0	0
'C		100	20	150	1	1	60	1	1	0	0.3	0
